# Created by Octave 3.8.0, Sun Sep 27 20:27:14 2015 BRT <marcelomtoledo@Marcelos-MacBook-Pro.local>
# name: X
# type: matrix
# rows: 761
# columns: 5
 0.003079630444346678 0.002639683238011439 0.004399472063352398 0.003299604047514298 0.002199736031676199
 0.002639683238011439 0.004399472063352398 0.003299604047514298 0.002199736031676199 0.003079630444346678
 0.004399472063352398 0.003299604047514298 0.002199736031676199 0.003079630444346678 0.0006599208095028596
 0.003299604047514298 0.002199736031676199 0.003079630444346678 0.0006599208095028596 0.001099868015838099
 0.002199736031676199 0.003079630444346678 0.0006599208095028596 0.001099868015838099 0.001099868015838099
 0.003079630444346678 0.0006599208095028596 0.001099868015838099 0.001099868015838099 0.001099868015838099
 0.0006599208095028596 0.001099868015838099 0.001099868015838099 0.001099868015838099 0.001319841619005719
 0.001099868015838099 0.001099868015838099 0.001099868015838099 0.001319841619005719 0.0004399472063352398
 0.001099868015838099 0.001099868015838099 0.001319841619005719 0.0004399472063352398 0.001099868015838099
 0.001099868015838099 0.001319841619005719 0.0004399472063352398 0.001099868015838099 0.0006599208095028596
 0.001319841619005719 0.0004399472063352398 0.001099868015838099 0.0006599208095028596 0.001319841619005719
 0.0004399472063352398 0.001099868015838099 0.0006599208095028596 0.001319841619005719 0.0004399472063352398
 0.001099868015838099 0.0006599208095028596 0.001319841619005719 0.0004399472063352398 0.001539815222173339
 0.0006599208095028596 0.001319841619005719 0.0004399472063352398 0.001539815222173339 0.0004399472063352398
 0.001319841619005719 0.0004399472063352398 0.001539815222173339 0.0004399472063352398 0
 0.0004399472063352398 0.001539815222173339 0.0004399472063352398 0 0.0004399472063352398
 0.001539815222173339 0.0004399472063352398 0 0.0004399472063352398 0.0002199736031676199
 0.0004399472063352398 0 0.0004399472063352398 0.0002199736031676199 0.0008798944126704796
 0 0.0004399472063352398 0.0002199736031676199 0.0008798944126704796 0.0008798944126704796
 0.0004399472063352398 0.0002199736031676199 0.0008798944126704796 0.0008798944126704796 0.0002199736031676199
 0.0002199736031676199 0.0008798944126704796 0.0008798944126704796 0.0002199736031676199 0.0002199736031676199
 0.0008798944126704796 0.0008798944126704796 0.0002199736031676199 0.0002199736031676199 0.0004399472063352398
 0.0008798944126704796 0.0002199736031676199 0.0002199736031676199 0.0004399472063352398 0.0008798944126704796
 0.0002199736031676199 0.0002199736031676199 0.0004399472063352398 0.0008798944126704796 0.0008798944126704796
 0.0002199736031676199 0.0004399472063352398 0.0008798944126704796 0.0008798944126704796 0.0002199736031676199
 0.0004399472063352398 0.0008798944126704796 0.0008798944126704796 0.0002199736031676199 0
 0.0008798944126704796 0.0008798944126704796 0.0002199736031676199 0 0.0002199736031676199
 0.0008798944126704796 0.0002199736031676199 0 0.0002199736031676199 0
 0.0002199736031676199 0 0.0002199736031676199 0 0.0002199736031676199
 0 0.0002199736031676199 0 0.0002199736031676199 0
 0.0002199736031676199 0 0.0002199736031676199 0 0.0002199736031676199
 0 0.0002199736031676199 0 0.0002199736031676199 0
 0.0002199736031676199 0 0.0002199736031676199 0 0.0002199736031676199
 0 0.0002199736031676199 0 0.0002199736031676199 0
 0.0002199736031676199 0 0.0002199736031676199 0 0
 0 0.0002199736031676199 0 0 0
 0.0002199736031676199 0 0 0 0.0002199736031676199
 0 0 0 0.0002199736031676199 0
 0 0 0.0002199736031676199 0 0.0004399472063352398
 0 0.0002199736031676199 0 0.0004399472063352398 0
 0.0002199736031676199 0 0.0004399472063352398 0 0
 0 0.0004399472063352398 0 0 0.0002199736031676199
 0.0004399472063352398 0 0 0.0002199736031676199 0
 0 0 0.0002199736031676199 0 0.0002199736031676199
 0 0.0002199736031676199 0 0.0002199736031676199 0
 0.0002199736031676199 0 0.0002199736031676199 0 0.0002199736031676199
 0 0.0002199736031676199 0 0.0002199736031676199 0.0004399472063352398
 0.0002199736031676199 0 0.0002199736031676199 0.0004399472063352398 0.0004399472063352398
 0 0.0002199736031676199 0.0004399472063352398 0.0004399472063352398 0.003739551253849538
 0.0002199736031676199 0.0004399472063352398 0.0004399472063352398 0.003739551253849538 0.003299604047514298
 0.0004399472063352398 0.0004399472063352398 0.003739551253849538 0.003299604047514298 0.004619445666520018
 0.0004399472063352398 0.003739551253849538 0.003299604047514298 0.004619445666520018 0.004839419269687638
 0.003739551253849538 0.003299604047514298 0.004619445666520018 0.004839419269687638 0.005719313682358117
 0.003299604047514298 0.004619445666520018 0.004839419269687638 0.005719313682358117 0.003519577650681918
 0.004619445666520018 0.004839419269687638 0.005719313682358117 0.003519577650681918 0.002859656841179059
 0.004839419269687638 0.005719313682358117 0.003519577650681918 0.002859656841179059 0.001979762428508579
 0.005719313682358117 0.003519577650681918 0.002859656841179059 0.001979762428508579 0.001539815222173339
 0.003519577650681918 0.002859656841179059 0.001979762428508579 0.001539815222173339 0.007699076110866696
 0.002859656841179059 0.001979762428508579 0.001539815222173339 0.007699076110866696 0.008578970523537175
 0.001979762428508579 0.001539815222173339 0.007699076110866696 0.008578970523537175 0.01011878574571051
 0.001539815222173339 0.007699076110866696 0.008578970523537175 0.01011878574571051 0.01121865376154861
 0.007699076110866696 0.008578970523537175 0.01011878574571051 0.01121865376154861 0.01781786185657721
 0.008578970523537175 0.01011878574571051 0.01121865376154861 0.01781786185657721 0.01077870655521337
 0.01011878574571051 0.01121865376154861 0.01781786185657721 0.01077870655521337 0.01473823141223053
 0.01121865376154861 0.01781786185657721 0.01077870655521337 0.01473823141223053 0.007039155301363837
 0.01781786185657721 0.01077870655521337 0.01473823141223053 0.007039155301363837 0.008578970523537175
 0.01077870655521337 0.01473823141223053 0.007039155301363837 0.008578970523537175 0.007259128904531456
 0.01473823141223053 0.007039155301363837 0.008578970523537175 0.007259128904531456 0.004839419269687638
 0.007039155301363837 0.008578970523537175 0.007259128904531456 0.004839419269687638 0.001759788825340959
 0.008578970523537175 0.007259128904531456 0.004839419269687638 0.001759788825340959 0.002859656841179059
 0.007259128904531456 0.004839419269687638 0.001759788825340959 0.002859656841179059 0.001979762428508579
 0.004839419269687638 0.001759788825340959 0.002859656841179059 0.001979762428508579 0.0008798944126704796
 0.001759788825340959 0.002859656841179059 0.001979762428508579 0.0008798944126704796 0.001539815222173339
 0.002859656841179059 0.001979762428508579 0.0008798944126704796 0.001539815222173339 0.001319841619005719
 0.001979762428508579 0.0008798944126704796 0.001539815222173339 0.001319841619005719 0.001319841619005719
 0.0008798944126704796 0.001539815222173339 0.001319841619005719 0.001319841619005719 0.0008798944126704796
 0.001539815222173339 0.001319841619005719 0.001319841619005719 0.0008798944126704796 0.0002199736031676199
 0.001319841619005719 0.001319841619005719 0.0008798944126704796 0.0002199736031676199 0.001099868015838099
 0.001319841619005719 0.0008798944126704796 0.0002199736031676199 0.001099868015838099 0.001979762428508579
 0.0008798944126704796 0.0002199736031676199 0.001099868015838099 0.001979762428508579 0.0006599208095028596
 0.0002199736031676199 0.001099868015838099 0.001979762428508579 0.0006599208095028596 0.0002199736031676199
 0.001099868015838099 0.001979762428508579 0.0006599208095028596 0.0002199736031676199 0.0004399472063352398
 0.001979762428508579 0.0006599208095028596 0.0002199736031676199 0.0004399472063352398 0.0004399472063352398
 0.0006599208095028596 0.0002199736031676199 0.0004399472063352398 0.0004399472063352398 0.0002199736031676199
 0.0002199736031676199 0.0004399472063352398 0.0004399472063352398 0.0002199736031676199 0
 0.0004399472063352398 0.0004399472063352398 0.0002199736031676199 0 0
 0.0004399472063352398 0.0002199736031676199 0 0 0
 0.0002199736031676199 0 0 0 0
 0 0 0 0 0.0002199736031676199
 0 0 0 0.0002199736031676199 0
 0 0 0.0002199736031676199 0 0
 0 0.0002199736031676199 0 0 0.0004399472063352398
 0.0002199736031676199 0 0 0.0004399472063352398 0
 0 0 0.0004399472063352398 0 0
 0 0.0004399472063352398 0 0 0.0002199736031676199
 0.0004399472063352398 0 0 0.0002199736031676199 0.0002199736031676199
 0 0 0.0002199736031676199 0.0002199736031676199 0.0002199736031676199
 0 0.0002199736031676199 0.0002199736031676199 0.0002199736031676199 0.0008798944126704796
 0.0002199736031676199 0.0002199736031676199 0.0002199736031676199 0.0008798944126704796 0.0004399472063352398
 0.0002199736031676199 0.0002199736031676199 0.0008798944126704796 0.0004399472063352398 0
 0.0002199736031676199 0.0008798944126704796 0.0004399472063352398 0 0.009898812142542894
 0.0008798944126704796 0.0004399472063352398 0 0.009898812142542894 0.01319841619005719
 0.0004399472063352398 0 0.009898812142542894 0.01319841619005719 0.01297844258688957
 0 0.009898812142542894 0.01319841619005719 0.01297844258688957 0.01913770347558293
 0.009898812142542894 0.01319841619005719 0.01297844258688957 0.01913770347558293 0.03277606687197536
 0.01319841619005719 0.01297844258688957 0.01913770347558293 0.03277606687197536 0.03937527496700396
 0.01297844258688957 0.01913770347558293 0.03277606687197536 0.03937527496700396 0.04465464144302684
 0.01913770347558293 0.03277606687197536 0.03937527496700396 0.04465464144302684 0.0730312362516498
 0.03277606687197536 0.03937527496700396 0.04465464144302684 0.0730312362516498 0.04487461504619446
 0.03937527496700396 0.04465464144302684 0.0730312362516498 0.04487461504619446 0.03607567091948966
 0.04465464144302684 0.0730312362516498 0.04487461504619446 0.03607567091948966 0.03123625164980202
 0.0730312362516498 0.04487461504619446 0.03607567091948966 0.03123625164980202 0.03167619885613726
 0.04487461504619446 0.03607567091948966 0.03123625164980202 0.03167619885613726 0.026616805983282
 0.03607567091948966 0.03123625164980202 0.03167619885613726 0.026616805983282 0.04663440387153542
 0.03123625164980202 0.03167619885613726 0.026616805983282 0.04663440387153542 0.03299604047514298
 0.03167619885613726 0.026616805983282 0.04663440387153542 0.03299604047514298 0.02507699076110867
 0.026616805983282 0.04663440387153542 0.03299604047514298 0.02507699076110867 0.02309722833260009
 0.04663440387153542 0.03299604047514298 0.02507699076110867 0.02309722833260009 0.02155741311042675
 0.03299604047514298 0.02507699076110867 0.02309722833260009 0.02155741311042675 0.02067751869775627
 0.02507699076110867 0.02309722833260009 0.02155741311042675 0.02067751869775627 0.01253849538055433
 0.02309722833260009 0.02155741311042675 0.02067751869775627 0.01253849538055433 0.009678838539375276
 0.02155741311042675 0.02067751869775627 0.01253849538055433 0.009678838539375276 0.005059392872855257
 0.02067751869775627 0.01253849538055433 0.009678838539375276 0.005059392872855257 0.006379234491860977
 0.01253849538055433 0.009678838539375276 0.005059392872855257 0.006379234491860977 0.001979762428508579
 0.009678838539375276 0.005059392872855257 0.006379234491860977 0.001979762428508579 0.001979762428508579
 0.005059392872855257 0.006379234491860977 0.001979762428508579 0.001979762428508579 0.001319841619005719
 0.006379234491860977 0.001979762428508579 0.001979762428508579 0.001319841619005719 0.001319841619005719
 0.001979762428508579 0.001979762428508579 0.001319841619005719 0.001319841619005719 0.0004399472063352398
 0.001979762428508579 0.001319841619005719 0.001319841619005719 0.0004399472063352398 0.0008798944126704796
 0.001319841619005719 0.001319841619005719 0.0004399472063352398 0.0008798944126704796 0.001099868015838099
 0.001319841619005719 0.0004399472063352398 0.0008798944126704796 0.001099868015838099 0.0002199736031676199
 0.0004399472063352398 0.0008798944126704796 0.001099868015838099 0.0002199736031676199 0.0008798944126704796
 0.0008798944126704796 0.001099868015838099 0.0002199736031676199 0.0008798944126704796 0.0004399472063352398
 0.001099868015838099 0.0002199736031676199 0.0008798944126704796 0.0004399472063352398 0
 0.0002199736031676199 0.0008798944126704796 0.0004399472063352398 0 0.0006599208095028596
 0.0008798944126704796 0.0004399472063352398 0 0.0006599208095028596 0.0006599208095028596
 0.0004399472063352398 0 0.0006599208095028596 0.0006599208095028596 0.0002199736031676199
 0 0.0006599208095028596 0.0006599208095028596 0.0002199736031676199 0.0002199736031676199
 0.0006599208095028596 0.0006599208095028596 0.0002199736031676199 0.0002199736031676199 0
 0.0006599208095028596 0.0002199736031676199 0.0002199736031676199 0 0.0002199736031676199
 0.0002199736031676199 0.0002199736031676199 0 0.0002199736031676199 0
 0.0002199736031676199 0 0.0002199736031676199 0 0.0002199736031676199
 0 0.0002199736031676199 0 0.0002199736031676199 0
 0.0002199736031676199 0 0.0002199736031676199 0 0
 0 0.0002199736031676199 0 0 0
 0.0002199736031676199 0 0 0 0.0002199736031676199
 0 0 0 0.0002199736031676199 0.0008798944126704796
 0 0 0.0002199736031676199 0.0008798944126704796 0.0006599208095028596
 0 0.0002199736031676199 0.0008798944126704796 0.0006599208095028596 0
 0.0002199736031676199 0.0008798944126704796 0.0006599208095028596 0 0.0004399472063352398
 0.0008798944126704796 0.0006599208095028596 0 0.0004399472063352398 0.0008798944126704796
 0.0006599208095028596 0 0.0004399472063352398 0.0008798944126704796 0.0006599208095028596
 0 0.0004399472063352398 0.0008798944126704796 0.0006599208095028596 0.004839419269687638
 0.0004399472063352398 0.0008798944126704796 0.0006599208095028596 0.004839419269687638 0.007699076110866696
 0.0008798944126704796 0.0006599208095028596 0.004839419269687638 0.007699076110866696 0.009458864936207656
 0.0006599208095028596 0.004839419269687638 0.007699076110866696 0.009458864936207656 0.01077870655521337
 0.004839419269687638 0.007699076110866696 0.009458864936207656 0.01077870655521337 0.01495820501539815
 0.007699076110866696 0.009458864936207656 0.01077870655521337 0.01495820501539815 0.01473823141223053
 0.009458864936207656 0.01077870655521337 0.01495820501539815 0.01473823141223053 0.01869775626924769
 0.01077870655521337 0.01495820501539815 0.01473823141223053 0.01869775626924769 0.02463704355477343
 0.01495820501539815 0.01473823141223053 0.01869775626924769 0.02463704355477343 0.02199736031676199
 0.01473823141223053 0.01869775626924769 0.02463704355477343 0.02199736031676199 0.0310162780466344
 0.01869775626924769 0.02463704355477343 0.02199736031676199 0.0310162780466344 0.0354157501099868
 0.02463704355477343 0.02199736031676199 0.0310162780466344 0.0354157501099868 0.03937527496700396
 0.02199736031676199 0.0310162780466344 0.0354157501099868 0.03937527496700396 0.02793664760228773
 0.0310162780466344 0.0354157501099868 0.03937527496700396 0.02793664760228773 0.01385833699956005
 0.0354157501099868 0.03937527496700396 0.02793664760228773 0.01385833699956005 0.01385833699956005
 0.03937527496700396 0.02793664760228773 0.01385833699956005 0.01385833699956005 0.01363836339639243
 0.02793664760228773 0.01385833699956005 0.01385833699956005 0.01363836339639243 0.009898812142542894
 0.01385833699956005 0.01385833699956005 0.01363836339639243 0.009898812142542894 0.01099868015838099
 0.01385833699956005 0.01363836339639243 0.009898812142542894 0.01099868015838099 0.008358996920369555
 0.01363836339639243 0.009898812142542894 0.01099868015838099 0.008358996920369555 0.005059392872855257
 0.009898812142542894 0.01099868015838099 0.008358996920369555 0.005059392872855257 0.004179498460184778
 0.01099868015838099 0.008358996920369555 0.005059392872855257 0.004179498460184778 0.001979762428508579
 0.008358996920369555 0.005059392872855257 0.004179498460184778 0.001979762428508579 0.003079630444346678
 0.005059392872855257 0.004179498460184778 0.001979762428508579 0.003079630444346678 0.001319841619005719
 0.004179498460184778 0.001979762428508579 0.003079630444346678 0.001319841619005719 0.0008798944126704796
 0.001979762428508579 0.003079630444346678 0.001319841619005719 0.0008798944126704796 0.001759788825340959
 0.003079630444346678 0.001319841619005719 0.0008798944126704796 0.001759788825340959 0.001099868015838099
 0.001319841619005719 0.0008798944126704796 0.001759788825340959 0.001099868015838099 0.0008798944126704796
 0.0008798944126704796 0.001759788825340959 0.001099868015838099 0.0008798944126704796 0.0006599208095028596
 0.001759788825340959 0.001099868015838099 0.0008798944126704796 0.0006599208095028596 0.001539815222173339
 0.001099868015838099 0.0008798944126704796 0.0006599208095028596 0.001539815222173339 0.001539815222173339
 0.0008798944126704796 0.0006599208095028596 0.001539815222173339 0.001539815222173339 0.0002199736031676199
 0.0006599208095028596 0.001539815222173339 0.001539815222173339 0.0002199736031676199 0.0004399472063352398
 0.001539815222173339 0.001539815222173339 0.0002199736031676199 0.0004399472063352398 0
 0.001539815222173339 0.0002199736031676199 0.0004399472063352398 0 0
 0.0002199736031676199 0.0004399472063352398 0 0 0.0002199736031676199
 0.0004399472063352398 0 0 0.0002199736031676199 0
 0 0 0.0002199736031676199 0 0.0002199736031676199
 0 0.0002199736031676199 0 0.0002199736031676199 0.0002199736031676199
 0.0002199736031676199 0 0.0002199736031676199 0.0002199736031676199 0
 0 0.0002199736031676199 0.0002199736031676199 0 0.0002199736031676199
 0.0002199736031676199 0.0002199736031676199 0 0.0002199736031676199 0
 0.0002199736031676199 0 0.0002199736031676199 0 0.0004399472063352398
 0 0.0002199736031676199 0 0.0004399472063352398 0.0002199736031676199
 0.0002199736031676199 0 0.0004399472063352398 0.0002199736031676199 0.0002199736031676199
 0 0.0004399472063352398 0.0002199736031676199 0.0002199736031676199 0.0004399472063352398
 0.0004399472063352398 0.0002199736031676199 0.0002199736031676199 0.0004399472063352398 0.0002199736031676199
 0.0002199736031676199 0.0002199736031676199 0.0004399472063352398 0.0002199736031676199 0.0002199736031676199
 0.0002199736031676199 0.0004399472063352398 0.0002199736031676199 0.0002199736031676199 0.0002199736031676199
 0.0004399472063352398 0.0002199736031676199 0.0002199736031676199 0.0002199736031676199 0
 0.0002199736031676199 0.0002199736031676199 0.0002199736031676199 0 0.0002199736031676199
 0.0002199736031676199 0.0002199736031676199 0 0.0002199736031676199 0
 0.0002199736031676199 0 0.0002199736031676199 0 0.004839419269687638
 0 0.0002199736031676199 0 0.004839419269687638 0.007699076110866696
 0.0002199736031676199 0 0.004839419269687638 0.007699076110866696 0.009458864936207656
 0 0.004839419269687638 0.007699076110866696 0.009458864936207656 0.01077870655521337
 0.004839419269687638 0.007699076110866696 0.009458864936207656 0.01077870655521337 0.01495820501539815
 0.007699076110866696 0.009458864936207656 0.01077870655521337 0.01495820501539815 0.01473823141223053
 0.009458864936207656 0.01077870655521337 0.01495820501539815 0.01473823141223053 0.01869775626924769
 0.01077870655521337 0.01495820501539815 0.01473823141223053 0.01869775626924769 0.02463704355477343
 0.01495820501539815 0.01473823141223053 0.01869775626924769 0.02463704355477343 0.02199736031676199
 0.01473823141223053 0.01869775626924769 0.02463704355477343 0.02199736031676199 0.0310162780466344
 0.01869775626924769 0.02463704355477343 0.02199736031676199 0.0310162780466344 0.0354157501099868
 0.02463704355477343 0.02199736031676199 0.0310162780466344 0.0354157501099868 0.03937527496700396
 0.02199736031676199 0.0310162780466344 0.0354157501099868 0.03937527496700396 0.02793664760228773
 0.0310162780466344 0.0354157501099868 0.03937527496700396 0.02793664760228773 0.01385833699956005
 0.0354157501099868 0.03937527496700396 0.02793664760228773 0.01385833699956005 0.01385833699956005
 0.03937527496700396 0.02793664760228773 0.01385833699956005 0.01385833699956005 0.01363836339639243
 0.02793664760228773 0.01385833699956005 0.01385833699956005 0.01363836339639243 0.009898812142542894
 0.01385833699956005 0.01385833699956005 0.01363836339639243 0.009898812142542894 0.01099868015838099
 0.01385833699956005 0.01363836339639243 0.009898812142542894 0.01099868015838099 0.008358996920369555
 0.01363836339639243 0.009898812142542894 0.01099868015838099 0.008358996920369555 0.005059392872855257
 0.009898812142542894 0.01099868015838099 0.008358996920369555 0.005059392872855257 0.004179498460184778
 0.01099868015838099 0.008358996920369555 0.005059392872855257 0.004179498460184778 0.001979762428508579
 0.008358996920369555 0.005059392872855257 0.004179498460184778 0.001979762428508579 0.003079630444346678
 0.005059392872855257 0.004179498460184778 0.001979762428508579 0.003079630444346678 0.001319841619005719
 0.004179498460184778 0.001979762428508579 0.003079630444346678 0.001319841619005719 0.0008798944126704796
 0.001979762428508579 0.003079630444346678 0.001319841619005719 0.0008798944126704796 0.001759788825340959
 0.003079630444346678 0.001319841619005719 0.0008798944126704796 0.001759788825340959 0.001099868015838099
 0.001319841619005719 0.0008798944126704796 0.001759788825340959 0.001099868015838099 0.0008798944126704796
 0.0008798944126704796 0.001759788825340959 0.001099868015838099 0.0008798944126704796 0.0006599208095028596
 0.001759788825340959 0.001099868015838099 0.0008798944126704796 0.0006599208095028596 0.001539815222173339
 0.001099868015838099 0.0008798944126704796 0.0006599208095028596 0.001539815222173339 0.001539815222173339
 0.0008798944126704796 0.0006599208095028596 0.001539815222173339 0.001539815222173339 0.0002199736031676199
 0.0006599208095028596 0.001539815222173339 0.001539815222173339 0.0002199736031676199 0.0004399472063352398
 0.001539815222173339 0.001539815222173339 0.0002199736031676199 0.0004399472063352398 0
 0.001539815222173339 0.0002199736031676199 0.0004399472063352398 0 0
 0.0002199736031676199 0.0004399472063352398 0 0 0.0002199736031676199
 0.0004399472063352398 0 0 0.0002199736031676199 0
 0 0 0.0002199736031676199 0 0.0002199736031676199
 0 0.0002199736031676199 0 0.0002199736031676199 0.0002199736031676199
 0.0002199736031676199 0 0.0002199736031676199 0.0002199736031676199 0
 0 0.0002199736031676199 0.0002199736031676199 0 0.0002199736031676199
 0.0002199736031676199 0.0002199736031676199 0 0.0002199736031676199 0
 0.0002199736031676199 0 0.0002199736031676199 0 0.0004399472063352398
 0 0.0002199736031676199 0 0.0004399472063352398 0.0002199736031676199
 0.0002199736031676199 0 0.0004399472063352398 0.0002199736031676199 0.0002199736031676199
 0 0.0004399472063352398 0.0002199736031676199 0.0002199736031676199 0.0004399472063352398
 0.0004399472063352398 0.0002199736031676199 0.0002199736031676199 0.0004399472063352398 0.0002199736031676199
 0.0002199736031676199 0.0002199736031676199 0.0004399472063352398 0.0002199736031676199 0.0002199736031676199
 0.0002199736031676199 0.0004399472063352398 0.0002199736031676199 0.0002199736031676199 0.0002199736031676199
 0.0004399472063352398 0.0002199736031676199 0.0002199736031676199 0.0002199736031676199 0
 0.0002199736031676199 0.0002199736031676199 0.0002199736031676199 0 0.0002199736031676199
 0.0002199736031676199 0.0002199736031676199 0 0.0002199736031676199 0
 0.0002199736031676199 0 0.0002199736031676199 0 0.001979762428508579
 0 0.0002199736031676199 0 0.001979762428508579 0.001979762428508579
 0.0002199736031676199 0 0.001979762428508579 0.001979762428508579 0.001099868015838099
 0 0.001979762428508579 0.001979762428508579 0.001099868015838099 0.001319841619005719
 0.001979762428508579 0.001979762428508579 0.001099868015838099 0.001319841619005719 0.001099868015838099
 0.001979762428508579 0.001099868015838099 0.001319841619005719 0.001099868015838099 0.001319841619005719
 0.001099868015838099 0.001319841619005719 0.001099868015838099 0.001319841619005719 0.001539815222173339
 0.001319841619005719 0.001099868015838099 0.001319841619005719 0.001539815222173339 0.0002199736031676199
 0.001099868015838099 0.001319841619005719 0.001539815222173339 0.0002199736031676199 0.002199736031676199
 0.001319841619005719 0.001539815222173339 0.0002199736031676199 0.002199736031676199 0.001539815222173339
 0.001539815222173339 0.0002199736031676199 0.002199736031676199 0.001539815222173339 0.002199736031676199
 0.0002199736031676199 0.002199736031676199 0.001539815222173339 0.002199736031676199 0.001319841619005719
 0.002199736031676199 0.001539815222173339 0.002199736031676199 0.001319841619005719 0.001979762428508579
 0.001539815222173339 0.002199736031676199 0.001319841619005719 0.001979762428508579 0.0008798944126704796
 0.002199736031676199 0.001319841619005719 0.001979762428508579 0.0008798944126704796 0.003519577650681918
 0.001319841619005719 0.001979762428508579 0.0008798944126704796 0.003519577650681918 0.002419709634843819
 0.001979762428508579 0.0008798944126704796 0.003519577650681918 0.002419709634843819 0.002859656841179059
 0.0008798944126704796 0.003519577650681918 0.002419709634843819 0.002859656841179059 0.002199736031676199
 0.003519577650681918 0.002419709634843819 0.002859656841179059 0.002199736031676199 0.001319841619005719
 0.002419709634843819 0.002859656841179059 0.002199736031676199 0.001319841619005719 0.002419709634843819
 0.002859656841179059 0.002199736031676199 0.001319841619005719 0.002419709634843819 0.001759788825340959
 0.002199736031676199 0.001319841619005719 0.002419709634843819 0.001759788825340959 0.0006599208095028596
 0.001319841619005719 0.002419709634843819 0.001759788825340959 0.0006599208095028596 0.002419709634843819
 0.002419709634843819 0.001759788825340959 0.0006599208095028596 0.002419709634843819 0.001759788825340959
 0.001759788825340959 0.0006599208095028596 0.002419709634843819 0.001759788825340959 0.0004399472063352398
 0.0006599208095028596 0.002419709634843819 0.001759788825340959 0.0004399472063352398 0.002639683238011439
 0.002419709634843819 0.001759788825340959 0.0004399472063352398 0.002639683238011439 0.001319841619005719
 0.001759788825340959 0.0004399472063352398 0.002639683238011439 0.001319841619005719 0.001319841619005719
 0.0004399472063352398 0.002639683238011439 0.001319841619005719 0.001319841619005719 0.001759788825340959
 0.002639683238011439 0.001319841619005719 0.001319841619005719 0.001759788825340959 0.001539815222173339
 0.001319841619005719 0.001319841619005719 0.001759788825340959 0.001539815222173339 0.001979762428508579
 0.001319841619005719 0.001759788825340959 0.001539815222173339 0.001979762428508579 0.0004399472063352398
 0.001759788825340959 0.001539815222173339 0.001979762428508579 0.0004399472063352398 0.0008798944126704796
 0.001539815222173339 0.001979762428508579 0.0004399472063352398 0.0008798944126704796 0.0004399472063352398
 0.001979762428508579 0.0004399472063352398 0.0008798944126704796 0.0004399472063352398 0
 0.0004399472063352398 0.0008798944126704796 0.0004399472063352398 0 0.0006599208095028596
 0.0008798944126704796 0.0004399472063352398 0 0.0006599208095028596 0.0004399472063352398
 0.0004399472063352398 0 0.0006599208095028596 0.0004399472063352398 0.0002199736031676199
 0 0.0006599208095028596 0.0004399472063352398 0.0002199736031676199 0.0004399472063352398
 0.0006599208095028596 0.0004399472063352398 0.0002199736031676199 0.0004399472063352398 0
 0.0004399472063352398 0.0002199736031676199 0.0004399472063352398 0 0
 0.0002199736031676199 0.0004399472063352398 0 0 0.0002199736031676199
 0.0004399472063352398 0 0 0.0002199736031676199 0
 0 0 0.0002199736031676199 0 0.0006599208095028596
 0 0.0002199736031676199 0 0.0006599208095028596 0
 0.0002199736031676199 0 0.0006599208095028596 0 0.0002199736031676199
 0 0.0006599208095028596 0 0.0002199736031676199 0.0004399472063352398
 0.0006599208095028596 0 0.0002199736031676199 0.0004399472063352398 0
 0 0.0002199736031676199 0.0004399472063352398 0 0.0002199736031676199
 0.0002199736031676199 0.0004399472063352398 0 0.0002199736031676199 0.0002199736031676199
 0.0004399472063352398 0 0.0002199736031676199 0.0002199736031676199 0
 0 0.0002199736031676199 0.0002199736031676199 0 0
 0.0002199736031676199 0.0002199736031676199 0 0 0.001759788825340959
 0.0002199736031676199 0 0 0.001759788825340959 0.002859656841179059
 0 0 0.001759788825340959 0.002859656841179059 0.003519577650681918
 0 0.001759788825340959 0.002859656841179059 0.003519577650681918 0.002419709634843819
 0.001759788825340959 0.002859656841179059 0.003519577650681918 0.002419709634843819 0.005279366476022877
 0.002859656841179059 0.003519577650681918 0.002419709634843819 0.005279366476022877 0.003959524857017158
 0.003519577650681918 0.002419709634843819 0.005279366476022877 0.003959524857017158 0.004179498460184778
 0.002419709634843819 0.005279366476022877 0.003959524857017158 0.004179498460184778 0.006599208095028597
 0.005279366476022877 0.003959524857017158 0.004179498460184778 0.006599208095028597 0.01363836339639243
 0.003959524857017158 0.004179498460184778 0.006599208095028597 0.01363836339639243 0.02067751869775627
 0.004179498460184778 0.006599208095028597 0.01363836339639243 0.02067751869775627 0.01979762428508579
 0.006599208095028597 0.01363836339639243 0.02067751869775627 0.01979762428508579 0.02705675318961724
 0.01363836339639243 0.02067751869775627 0.01979762428508579 0.02705675318961724 0.03013638363396393
 0.02067751869775627 0.01979762428508579 0.02705675318961724 0.03013638363396393 0.0321161460624725
 0.01979762428508579 0.02705675318961724 0.03013638363396393 0.0321161460624725 0.0343158820941487
 0.02705675318961724 0.03013638363396393 0.0321161460624725 0.0343158820941487 0.06445226572811262
 0.03013638363396393 0.0321161460624725 0.0343158820941487 0.06445226572811262 0.0431148262208535
 0.0321161460624725 0.0343158820941487 0.06445226572811262 0.0431148262208535 0.03167619885613726
 0.0343158820941487 0.06445226572811262 0.0431148262208535 0.03167619885613726 0.01605807303123625
 0.06445226572811262 0.0431148262208535 0.03167619885613726 0.01605807303123625 0.007479102507699076
 0.0431148262208535 0.03167619885613726 0.01605807303123625 0.007479102507699076 0.005059392872855257
 0.03167619885613726 0.01605807303123625 0.007479102507699076 0.005059392872855257 0.002639683238011439
 0.01605807303123625 0.007479102507699076 0.005059392872855257 0.002639683238011439 0.001759788825340959
 0.007479102507699076 0.005059392872855257 0.002639683238011439 0.001759788825340959 0.001979762428508579
 0.005059392872855257 0.002639683238011439 0.001759788825340959 0.001979762428508579 0.001319841619005719
 0.002639683238011439 0.001759788825340959 0.001979762428508579 0.001319841619005719 0.001539815222173339
 0.001759788825340959 0.001979762428508579 0.001319841619005719 0.001539815222173339 0.001759788825340959
 0.001979762428508579 0.001319841619005719 0.001539815222173339 0.001759788825340959 0.001539815222173339
 0.001319841619005719 0.001539815222173339 0.001759788825340959 0.001539815222173339 0.001319841619005719
 0.001539815222173339 0.001759788825340959 0.001539815222173339 0.001319841619005719 0.0008798944126704796
 0.001759788825340959 0.001539815222173339 0.001319841619005719 0.0008798944126704796 0.002199736031676199
 0.001539815222173339 0.001319841619005719 0.0008798944126704796 0.002199736031676199 0.001099868015838099
 0.001319841619005719 0.0008798944126704796 0.002199736031676199 0.001099868015838099 0.0008798944126704796
 0.0008798944126704796 0.002199736031676199 0.001099868015838099 0.0008798944126704796 0
 0.002199736031676199 0.001099868015838099 0.0008798944126704796 0 0.0002199736031676199
 0.001099868015838099 0.0008798944126704796 0 0.0002199736031676199 0.0006599208095028596
 0.0008798944126704796 0 0.0002199736031676199 0.0006599208095028596 0.001099868015838099
 0 0.0002199736031676199 0.0006599208095028596 0.001099868015838099 0.0008798944126704796
 0.0002199736031676199 0.0006599208095028596 0.001099868015838099 0.0008798944126704796 0.0004399472063352398
 0.0006599208095028596 0.001099868015838099 0.0008798944126704796 0.0004399472063352398 0.0004399472063352398
 0.001099868015838099 0.0008798944126704796 0.0004399472063352398 0.0004399472063352398 0.0008798944126704796
 0.0008798944126704796 0.0004399472063352398 0.0004399472063352398 0.0008798944126704796 0.0008798944126704796
 0.0004399472063352398 0.0004399472063352398 0.0008798944126704796 0.0008798944126704796 0.001979762428508579
 0.0004399472063352398 0.0008798944126704796 0.0008798944126704796 0.001979762428508579 0.0004399472063352398
 0.0008798944126704796 0.0008798944126704796 0.001979762428508579 0.0004399472063352398 0.0006599208095028596
 0.0008798944126704796 0.001979762428508579 0.0004399472063352398 0.0006599208095028596 0.0004399472063352398
 0.001979762428508579 0.0004399472063352398 0.0006599208095028596 0.0004399472063352398 0.0008798944126704796
 0.0004399472063352398 0.0006599208095028596 0.0004399472063352398 0.0008798944126704796 0.0008798944126704796
 0.0006599208095028596 0.0004399472063352398 0.0008798944126704796 0.0008798944126704796 0.0006599208095028596
 0.0004399472063352398 0.0008798944126704796 0.0008798944126704796 0.0006599208095028596 0.0002199736031676199
 0.0008798944126704796 0.0008798944126704796 0.0006599208095028596 0.0002199736031676199 0.0002199736031676199
 0.0008798944126704796 0.0006599208095028596 0.0002199736031676199 0.0002199736031676199 0.0002199736031676199
 0.0006599208095028596 0.0002199736031676199 0.0002199736031676199 0.0002199736031676199 0.005719313682358117
 0.0002199736031676199 0.0002199736031676199 0.0002199736031676199 0.005719313682358117 0.007039155301363837
 0.0002199736031676199 0.0002199736031676199 0.005719313682358117 0.007039155301363837 0.004179498460184778
 0.0002199736031676199 0.005719313682358117 0.007039155301363837 0.004179498460184778 0.006379234491860977
 0.005719313682358117 0.007039155301363837 0.004179498460184778 0.006379234491860977 0.008139023317201935
 0.007039155301363837 0.004179498460184778 0.006379234491860977 0.008139023317201935 0.005499340079190497
 0.004179498460184778 0.006379234491860977 0.008139023317201935 0.005499340079190497 0.007699076110866696
 0.006379234491860977 0.008139023317201935 0.005499340079190497 0.007699076110866696 0.01187857457105147
 0.008139023317201935 0.005499340079190497 0.007699076110866696 0.01187857457105147 0.01869775626924769
 0.005499340079190497 0.007699076110866696 0.01187857457105147 0.01869775626924769 0.02375714914210295
 0.007699076110866696 0.01187857457105147 0.01869775626924769 0.02375714914210295 0.03695556533216014
 0.01187857457105147 0.01869775626924769 0.02375714914210295 0.03695556533216014 0.05455345358556973
 0.01869775626924769 0.02375714914210295 0.03695556533216014 0.05455345358556973 0.05807303123625165
 0.02375714914210295 0.03695556533216014 0.05455345358556973 0.05807303123625165 0.07809062912450505
 0.03695556533216014 0.05455345358556973 0.05807303123625165 0.07809062912450505 0.08732952045754509
 0.05455345358556973 0.05807303123625165 0.07809062912450505 0.08732952045754509 0.0996480422349318
 0.05807303123625165 0.07809062912450505 0.08732952045754509 0.0996480422349318 0.08908930928288605
 0.07809062912450505 0.08732952045754509 0.0996480422349318 0.08908930928288605 0.08468983721953366
 0.08732952045754509 0.0996480422349318 0.08908930928288605 0.08468983721953366 0.0620325560932688
 0.0996480422349318 0.08908930928288605 0.08468983721953366 0.0620325560932688 0.03607567091948966
 0.08908930928288605 0.08468983721953366 0.0620325560932688 0.03607567091948966 0.02551693796744391
 0.08468983721953366 0.0620325560932688 0.03607567091948966 0.02551693796744391 0.01385833699956005
 0.0620325560932688 0.03607567091948966 0.02551693796744391 0.01385833699956005 0.008139023317201935
 0.03607567091948966 0.02551693796744391 0.01385833699956005 0.008139023317201935 0.005499340079190497
 0.02551693796744391 0.01385833699956005 0.008139023317201935 0.005499340079190497 0.005719313682358117
 0.01385833699956005 0.008139023317201935 0.005499340079190497 0.005719313682358117 0.003079630444346678
 0.008139023317201935 0.005499340079190497 0.005719313682358117 0.003079630444346678 0.002639683238011439
 0.005499340079190497 0.005719313682358117 0.003079630444346678 0.002639683238011439 0.004839419269687638
 0.005719313682358117 0.003079630444346678 0.002639683238011439 0.004839419269687638 0.004399472063352398
 0.003079630444346678 0.002639683238011439 0.004839419269687638 0.004399472063352398 0.002199736031676199
 0.002639683238011439 0.004839419269687638 0.004399472063352398 0.002199736031676199 0.001759788825340959
 0.004839419269687638 0.004399472063352398 0.002199736031676199 0.001759788825340959 0.002199736031676199
 0.004399472063352398 0.002199736031676199 0.001759788825340959 0.002199736031676199 0.001979762428508579
 0.002199736031676199 0.001759788825340959 0.002199736031676199 0.001979762428508579 0.0006599208095028596
 0.001759788825340959 0.002199736031676199 0.001979762428508579 0.0006599208095028596 0.001539815222173339
 0.002199736031676199 0.001979762428508579 0.0006599208095028596 0.001539815222173339 0.002859656841179059
 0.001979762428508579 0.0006599208095028596 0.001539815222173339 0.002859656841179059 0.003299604047514298
 0.0006599208095028596 0.001539815222173339 0.002859656841179059 0.003299604047514298 0.001539815222173339
 0.001539815222173339 0.002859656841179059 0.003299604047514298 0.001539815222173339 0.002639683238011439
 0.002859656841179059 0.003299604047514298 0.001539815222173339 0.002639683238011439 0.003079630444346678
 0.003299604047514298 0.001539815222173339 0.002639683238011439 0.003079630444346678 0.001539815222173339
 0.001539815222173339 0.002639683238011439 0.003079630444346678 0.001539815222173339 0.002639683238011439
 0.002639683238011439 0.003079630444346678 0.001539815222173339 0.002639683238011439 0.003959524857017158
 0.003079630444346678 0.001539815222173339 0.002639683238011439 0.003959524857017158 0.006159260888693356
 0.001539815222173339 0.002639683238011439 0.003959524857017158 0.006159260888693356 0.006599208095028597
 0.002639683238011439 0.003959524857017158 0.006159260888693356 0.006599208095028597 0.01165860096788385
 0.003959524857017158 0.006159260888693356 0.006599208095028597 0.01165860096788385 0.01187857457105147
 0.006159260888693356 0.006599208095028597 0.01165860096788385 0.01187857457105147 0.005719313682358117
 0.006599208095028597 0.01165860096788385 0.01187857457105147 0.005719313682358117 0.005719313682358117
 0.01165860096788385 0.01187857457105147 0.005719313682358117 0.005719313682358117 0.007039155301363837
 0.01187857457105147 0.005719313682358117 0.005719313682358117 0.007039155301363837 0.005939287285525737
 0.005719313682358117 0.005719313682358117 0.007039155301363837 0.005939287285525737 0.002199736031676199
 0.005719313682358117 0.007039155301363837 0.005939287285525737 0.002199736031676199 0.007259128904531456
 0.007039155301363837 0.005939287285525737 0.002199736031676199 0.007259128904531456 0.005719313682358117
 0.005939287285525737 0.002199736031676199 0.007259128904531456 0.005719313682358117 0.006159260888693356
 0.002199736031676199 0.007259128904531456 0.005719313682358117 0.006159260888693356 0.007919049714034315
 0.007259128904531456 0.005719313682358117 0.006159260888693356 0.007919049714034315 0.005939287285525737
 0.005719313682358117 0.006159260888693356 0.007919049714034315 0.005939287285525737 0.007039155301363837
 0.006159260888693356 0.007919049714034315 0.005939287285525737 0.007039155301363837 0.004839419269687638
 0.007919049714034315 0.005939287285525737 0.007039155301363837 0.004839419269687638 0.005939287285525737
 0.005939287285525737 0.007039155301363837 0.004839419269687638 0.005939287285525737 0.006159260888693356
 0.007039155301363837 0.004839419269687638 0.005939287285525737 0.006159260888693356 0.004179498460184778
 0.004839419269687638 0.005939287285525737 0.006159260888693356 0.004179498460184778 0.003959524857017158
 0.005939287285525737 0.006159260888693356 0.004179498460184778 0.003959524857017158 0.009678838539375276
 0.006159260888693356 0.004179498460184778 0.003959524857017158 0.009678838539375276 0.01253849538055433
 0.004179498460184778 0.003959524857017158 0.009678838539375276 0.01253849538055433 0.01297844258688957
 0.003959524857017158 0.009678838539375276 0.01253849538055433 0.01297844258688957 0.01033875934887813
 0.009678838539375276 0.01253849538055433 0.01297844258688957 0.01033875934887813 0.01121865376154861
 0.01253849538055433 0.01297844258688957 0.01033875934887813 0.01121865376154861 0.008798944126704795
 0.01297844258688957 0.01033875934887813 0.01121865376154861 0.008798944126704795 0.005279366476022877
 0.01033875934887813 0.01121865376154861 0.008798944126704795 0.005279366476022877 0.004839419269687638
 0.01121865376154861 0.008798944126704795 0.005279366476022877 0.004839419269687638 0.003959524857017158
 0.008798944126704795 0.005279366476022877 0.004839419269687638 0.003959524857017158 0.002419709634843819
 0.005279366476022877 0.004839419269687638 0.003959524857017158 0.002419709634843819 0.002859656841179059
 0.004839419269687638 0.003959524857017158 0.002419709634843819 0.002859656841179059 0.0006599208095028596
 0.003959524857017158 0.002419709634843819 0.002859656841179059 0.0006599208095028596 0.001099868015838099
 0.002419709634843819 0.002859656841179059 0.0006599208095028596 0.001099868015838099 0.001099868015838099
 0.002859656841179059 0.0006599208095028596 0.001099868015838099 0.001099868015838099 0.0004399472063352398
 0.0006599208095028596 0.001099868015838099 0.001099868015838099 0.0004399472063352398 0.0008798944126704796
 0.001099868015838099 0.001099868015838099 0.0004399472063352398 0.0008798944126704796 0.001099868015838099
 0.001099868015838099 0.0004399472063352398 0.0008798944126704796 0.001099868015838099 0.001099868015838099
 0.0004399472063352398 0.0008798944126704796 0.001099868015838099 0.001099868015838099 0.0006599208095028596
 0.0008798944126704796 0.001099868015838099 0.001099868015838099 0.0006599208095028596 0.0006599208095028596
 0.001099868015838099 0.001099868015838099 0.0006599208095028596 0.0006599208095028596 0.0004399472063352398
 0.001099868015838099 0.0006599208095028596 0.0006599208095028596 0.0004399472063352398 0.0006599208095028596
 0.0006599208095028596 0.0006599208095028596 0.0004399472063352398 0.0006599208095028596 0.0002199736031676199
 0.0006599208095028596 0.0004399472063352398 0.0006599208095028596 0.0002199736031676199 0.0006599208095028596
 0.0004399472063352398 0.0006599208095028596 0.0002199736031676199 0.0006599208095028596 0
 0.0006599208095028596 0.0002199736031676199 0.0006599208095028596 0 0.0002199736031676199
 0.0002199736031676199 0.0006599208095028596 0 0.0002199736031676199 0
 0.0006599208095028596 0 0.0002199736031676199 0 0
 0 0.0002199736031676199 0 0 0.0002199736031676199
 0.0002199736031676199 0 0 0.0002199736031676199 0
 0 0 0.0002199736031676199 0 0.0006599208095028596
 0 0.0002199736031676199 0 0.0006599208095028596 0.0004399472063352398
 0.0002199736031676199 0 0.0006599208095028596 0.0004399472063352398 0.0006599208095028596
 0 0.0006599208095028596 0.0004399472063352398 0.0006599208095028596 0.0002199736031676199
 0.0006599208095028596 0.0004399472063352398 0.0006599208095028596 0.0002199736031676199 0.0002199736031676199
 0.0004399472063352398 0.0006599208095028596 0.0002199736031676199 0.0002199736031676199 0.0002199736031676199
 0.0006599208095028596 0.0002199736031676199 0.0002199736031676199 0.0002199736031676199 0
 0.0002199736031676199 0.0002199736031676199 0.0002199736031676199 0 0.0008798944126704796
 0.0002199736031676199 0.0002199736031676199 0 0.0008798944126704796 0.0002199736031676199
 0.0002199736031676199 0 0.0008798944126704796 0.0002199736031676199 0.001099868015838099
 0 0.0008798944126704796 0.0002199736031676199 0.001099868015838099 0.0006599208095028596
 0.0008798944126704796 0.0002199736031676199 0.001099868015838099 0.0006599208095028596 0.009238891333040036
 0.0002199736031676199 0.001099868015838099 0.0006599208095028596 0.009238891333040036 0.007919049714034315
 0.001099868015838099 0.0006599208095028596 0.009238891333040036 0.007919049714034315 0.009018917729872416
 0.0006599208095028596 0.009238891333040036 0.007919049714034315 0.009018917729872416 0.007039155301363837
 0.009238891333040036 0.007919049714034315 0.009018917729872416 0.007039155301363837 0.005939287285525737
 0.007919049714034315 0.009018917729872416 0.007039155301363837 0.005939287285525737 0.003959524857017158
 0.009018917729872416 0.007039155301363837 0.005939287285525737 0.003959524857017158 0.003959524857017158
 0.007039155301363837 0.005939287285525737 0.003959524857017158 0.003959524857017158 0.005719313682358117
 0.005939287285525737 0.003959524857017158 0.003959524857017158 0.005719313682358117 0.006159260888693356
 0.003959524857017158 0.003959524857017158 0.005719313682358117 0.006159260888693356 0.009898812142542894
 0.003959524857017158 0.005719313682358117 0.006159260888693356 0.009898812142542894 0.009678838539375276
 0.005719313682358117 0.006159260888693356 0.009898812142542894 0.009678838539375276 0.01077870655521337
 0.006159260888693356 0.009898812142542894 0.009678838539375276 0.01077870655521337 0.009238891333040036
 0.009898812142542894 0.009678838539375276 0.01077870655521337 0.009238891333040036 0.01363836339639243
 0.009678838539375276 0.01077870655521337 0.009238891333040036 0.01363836339639243 0.01231852177738671
 0.01077870655521337 0.009238891333040036 0.01363836339639243 0.01231852177738671 0.009238891333040036
 0.009238891333040036 0.01363836339639243 0.01231852177738671 0.009238891333040036 0.003959524857017158
 0.01363836339639243 0.01231852177738671 0.009238891333040036 0.003959524857017158 0.007039155301363837
 0.01231852177738671 0.009238891333040036 0.003959524857017158 0.007039155301363837 0.003299604047514298
 0.009238891333040036 0.003959524857017158 0.007039155301363837 0.003299604047514298 0.003519577650681918
 0.003959524857017158 0.007039155301363837 0.003299604047514298 0.003519577650681918 0.003299604047514298
 0.007039155301363837 0.003299604047514298 0.003519577650681918 0.003299604047514298 0.001099868015838099
 0.003299604047514298 0.003519577650681918 0.003299604047514298 0.001099868015838099 0.001759788825340959
 0.003519577650681918 0.003299604047514298 0.001099868015838099 0.001759788825340959 0.0008798944126704796
 0.003299604047514298 0.001099868015838099 0.001759788825340959 0.0008798944126704796 0.0006599208095028596
 0.001099868015838099 0.001759788825340959 0.0008798944126704796 0.0006599208095028596 0.001099868015838099
 0.001759788825340959 0.0008798944126704796 0.0006599208095028596 0.001099868015838099 0.001319841619005719
 0.0008798944126704796 0.0006599208095028596 0.001099868015838099 0.001319841619005719 0.0006599208095028596
 0.0006599208095028596 0.001099868015838099 0.001319841619005719 0.0006599208095028596 0.001539815222173339
 0.001099868015838099 0.001319841619005719 0.0006599208095028596 0.001539815222173339 0.0008798944126704796
 0.001319841619005719 0.0006599208095028596 0.001539815222173339 0.0008798944126704796 0.0008798944126704796
 0.0006599208095028596 0.001539815222173339 0.0008798944126704796 0.0008798944126704796 0.0008798944126704796
 0.001539815222173339 0.0008798944126704796 0.0008798944126704796 0.0008798944126704796 0
 0.0008798944126704796 0.0008798944126704796 0.0008798944126704796 0 0
 0.0008798944126704796 0.0008798944126704796 0 0 0.0004399472063352398
 0.0008798944126704796 0 0 0.0004399472063352398 0
 0 0 0.0004399472063352398 0 0.0002199736031676199
 0 0.0004399472063352398 0 0.0002199736031676199 0
 0.0004399472063352398 0 0.0002199736031676199 0 0
 0 0.0002199736031676199 0 0 0
 0.0002199736031676199 0 0 0 0.0006599208095028596
 0 0 0 0.0006599208095028596 0
 0 0 0.0006599208095028596 0 0.0002199736031676199
 0 0.0006599208095028596 0 0.0002199736031676199 0
 0.0006599208095028596 0 0.0002199736031676199 0 0.0004399472063352398
 0 0.0002199736031676199 0 0.0004399472063352398 0
 0.0002199736031676199 0 0.0004399472063352398 0 0.0004399472063352398
 0 0.0004399472063352398 0 0.0004399472063352398 0.0002199736031676199
 0.0004399472063352398 0 0.0004399472063352398 0.0002199736031676199 0.001319841619005719
 0 0.0004399472063352398 0.0002199736031676199 0.001319841619005719 0.0004399472063352398
 0.0004399472063352398 0.0002199736031676199 0.001319841619005719 0.0004399472063352398 0.0008798944126704796
 0.0002199736031676199 0.001319841619005719 0.0004399472063352398 0.0008798944126704796 0.0004399472063352398
 0.001319841619005719 0.0004399472063352398 0.0008798944126704796 0.0004399472063352398 0.009458864936207656
 0.0004399472063352398 0.0008798944126704796 0.0004399472063352398 0.009458864936207656 0.01055873295204575
 0.0008798944126704796 0.0004399472063352398 0.009458864936207656 0.01055873295204575 0.009238891333040036
 0.0004399472063352398 0.009458864936207656 0.01055873295204575 0.009238891333040036 0.01451825780906291
 0.009458864936207656 0.01055873295204575 0.009238891333040036 0.01451825780906291 0.01825780906291245
 0.01055873295204575 0.009238891333040036 0.01451825780906291 0.01825780906291245 0.02463704355477343
 0.009238891333040036 0.01451825780906291 0.01825780906291245 0.02463704355477343 0.05719313682358117
 0.01451825780906291 0.01825780906291245 0.02463704355477343 0.05719313682358117 0.08095028596568411
 0.01825780906291245 0.02463704355477343 0.05719313682358117 0.08095028596568411 0.08666959964804223
 0.02463704355477343 0.05719313682358117 0.08095028596568411 0.08666959964804223 0.0686317641882974
 0.05719313682358117 0.08095028596568411 0.08666959964804223 0.0686317641882974 0.1198856137263528
 0.08095028596568411 0.08666959964804223 0.0686317641882974 0.1198856137263528 0.153321601407831
 0.08666959964804223 0.0686317641882974 0.1198856137263528 0.153321601407831 0.1783985921689397
 0.0686317641882974 0.1198856137263528 0.153321601407831 0.1783985921689397 0.2094148702155741
 0.1198856137263528 0.153321601407831 0.1783985921689397 0.2094148702155741 0.1236251649802024
 0.153321601407831 0.1783985921689397 0.2094148702155741 0.1236251649802024 0.1260448746150462
 0.1783985921689397 0.2094148702155741 0.1236251649802024 0.1260448746150462 0.166080070391553
 0.2094148702155741 0.1236251649802024 0.1260448746150462 0.166080070391553 0.1396832380114386
 0.1236251649802024 0.1260448746150462 0.166080070391553 0.1396832380114386 0.09590849098108227
 0.1260448746150462 0.166080070391553 0.1396832380114386 0.09590849098108227 0.04553453585569732
 0.166080070391553 0.1396832380114386 0.09590849098108227 0.04553453585569732 0.03189617245930489
 0.1396832380114386 0.09590849098108227 0.04553453585569732 0.03189617245930489 0.02771667399912011
 0.09590849098108227 0.04553453585569732 0.03189617245930489 0.02771667399912011 0.01583809942806863
 0.04553453585569732 0.03189617245930489 0.02771667399912011 0.01583809942806863 0.01055873295204575
 0.03189617245930489 0.02771667399912011 0.01583809942806863 0.01055873295204575 0.007259128904531456
 0.02771667399912011 0.01583809942806863 0.01055873295204575 0.007259128904531456 0.008358996920369555
 0.01583809942806863 0.01055873295204575 0.007259128904531456 0.008358996920369555 0.007919049714034315
 0.01055873295204575 0.007259128904531456 0.008358996920369555 0.007919049714034315 0.005939287285525737
 0.007259128904531456 0.008358996920369555 0.007919049714034315 0.005939287285525737 0.007699076110866696
 0.008358996920369555 0.007919049714034315 0.005939287285525737 0.007699076110866696 0.005499340079190497
 0.007919049714034315 0.005939287285525737 0.007699076110866696 0.005499340079190497 0.001759788825340959
 0.005939287285525737 0.007699076110866696 0.005499340079190497 0.001759788825340959 0.003739551253849538
 0.007699076110866696 0.005499340079190497 0.001759788825340959 0.003739551253849538 0.002419709634843819
 0.005499340079190497 0.001759788825340959 0.003739551253849538 0.002419709634843819 0.001759788825340959
 0.001759788825340959 0.003739551253849538 0.002419709634843819 0.001759788825340959 0.002199736031676199
 0.003739551253849538 0.002419709634843819 0.001759788825340959 0.002199736031676199 0.001759788825340959
 0.002419709634843819 0.001759788825340959 0.002199736031676199 0.001759788825340959 0.001099868015838099
 0.001759788825340959 0.002199736031676199 0.001759788825340959 0.001099868015838099 0.001759788825340959
 0.002199736031676199 0.001759788825340959 0.001099868015838099 0.001759788825340959 0.0006599208095028596
 0.001759788825340959 0.001099868015838099 0.001759788825340959 0.0006599208095028596 0.001319841619005719
 0.001099868015838099 0.001759788825340959 0.0006599208095028596 0.001319841619005719 0.0008798944126704796
 0.001759788825340959 0.0006599208095028596 0.001319841619005719 0.0008798944126704796 0.001759788825340959
 0.0006599208095028596 0.001319841619005719 0.0008798944126704796 0.001759788825340959 0.001979762428508579
 0.001319841619005719 0.0008798944126704796 0.001759788825340959 0.001979762428508579 0.001319841619005719
 0.0008798944126704796 0.001759788825340959 0.001979762428508579 0.001319841619005719 0.002199736031676199
 0.001759788825340959 0.001979762428508579 0.001319841619005719 0.002199736031676199 0.001319841619005719
 0.001979762428508579 0.001319841619005719 0.002199736031676199 0.001319841619005719 0.003079630444346678
 0.001319841619005719 0.002199736031676199 0.001319841619005719 0.003079630444346678 0.003519577650681918
 0.002199736031676199 0.001319841619005719 0.003079630444346678 0.003519577650681918 0.004179498460184778
 0.001319841619005719 0.003079630444346678 0.003519577650681918 0.004179498460184778 0.004399472063352398
 0.003079630444346678 0.003519577650681918 0.004179498460184778 0.004399472063352398 0.002859656841179059
 0.003519577650681918 0.004179498460184778 0.004399472063352398 0.002859656841179059 0.001759788825340959
 0.004179498460184778 0.004399472063352398 0.002859656841179059 0.001759788825340959 0.01121865376154861
 0.004399472063352398 0.002859656841179059 0.001759788825340959 0.01121865376154861 0.01451825780906291
 0.002859656841179059 0.001759788825340959 0.01121865376154861 0.01451825780906291 0.01319841619005719
 0.001759788825340959 0.01121865376154861 0.01451825780906291 0.01319841619005719 0.01407831060272767
 0.01121865376154861 0.01451825780906291 0.01319841619005719 0.01407831060272767 0.02529696436427629
 0.01451825780906291 0.01319841619005719 0.01407831060272767 0.02529696436427629 0.02529696436427629
 0.01319841619005719 0.01407831060272767 0.02529696436427629 0.02529696436427629 0.03079630444346678
 0.01407831060272767 0.02529696436427629 0.02529696436427629 0.03079630444346678 0.04025516937967444
 0.02529696436427629 0.02529696436427629 0.03079630444346678 0.04025516937967444 0.05059392872855258
 0.02529696436427629 0.03079630444346678 0.04025516937967444 0.05059392872855258 0.0409150901891773
 0.03079630444346678 0.04025516937967444 0.05059392872855258 0.0409150901891773 0.05983282006159261
 0.04025516937967444 0.05059392872855258 0.0409150901891773 0.05983282006159261 0.07611086669599648
 0.05059392872855258 0.0409150901891773 0.05983282006159261 0.07611086669599648 0.08205015398152221
 0.0409150901891773 0.05983282006159261 0.07611086669599648 0.08205015398152221 0.1031676198856137
 0.05983282006159261 0.07611086669599648 0.08205015398152221 0.1031676198856137 0.1033875934887813
 0.07611086669599648 0.08205015398152221 0.1031676198856137 0.1033875934887813 0.1236251649802024
 0.08205015398152221 0.1031676198856137 0.1033875934887813 0.1236251649802024 0.1381434227892653
 0.1031676198856137 0.1033875934887813 0.1236251649802024 0.1381434227892653 0.09568851737791464
 0.1033875934887813 0.1236251649802024 0.1381434227892653 0.09568851737791464 0.0675318961724593
 0.1236251649802024 0.1381434227892653 0.09568851737791464 0.0675318961724593 0.05169379674439067
 0.1381434227892653 0.09568851737791464 0.0675318961724593 0.05169379674439067 0.02903651561812582
 0.09568851737791464 0.0675318961724593 0.05169379674439067 0.02903651561812582 0.02133743950725913
 0.0675318961724593 0.05169379674439067 0.02903651561812582 0.02133743950725913 0.009898812142542894
 0.05169379674439067 0.02903651561812582 0.02133743950725913 0.009898812142542894 0.006379234491860977
 0.02903651561812582 0.02133743950725913 0.009898812142542894 0.006379234491860977 0.005939287285525737
 0.02133743950725913 0.009898812142542894 0.006379234491860977 0.005939287285525737 0.007919049714034315
 0.009898812142542894 0.006379234491860977 0.005939287285525737 0.007919049714034315 0.004619445666520018
 0.006379234491860977 0.005939287285525737 0.007919049714034315 0.004619445666520018 0.003959524857017158
 0.005939287285525737 0.007919049714034315 0.004619445666520018 0.003959524857017158 0.006599208095028597
 0.007919049714034315 0.004619445666520018 0.003959524857017158 0.006599208095028597 0.002859656841179059
 0.004619445666520018 0.003959524857017158 0.006599208095028597 0.002859656841179059 0.001539815222173339
 0.003959524857017158 0.006599208095028597 0.002859656841179059 0.001539815222173339 0.003739551253849538
 0.006599208095028597 0.002859656841179059 0.001539815222173339 0.003739551253849538 0.001979762428508579
 0.002859656841179059 0.001539815222173339 0.003739551253849538 0.001979762428508579 0.0008798944126704796
 0.001539815222173339 0.003739551253849538 0.001979762428508579 0.0008798944126704796 0.001319841619005719
 0.003739551253849538 0.001979762428508579 0.0008798944126704796 0.001319841619005719 0.001759788825340959
 0.001979762428508579 0.0008798944126704796 0.001319841619005719 0.001759788825340959 0.002859656841179059
 0.0008798944126704796 0.001319841619005719 0.001759788825340959 0.002859656841179059 0.001319841619005719
 0.001319841619005719 0.001759788825340959 0.002859656841179059 0.001319841619005719 0.002639683238011439
 0.001759788825340959 0.002859656841179059 0.001319841619005719 0.002639683238011439 0.0008798944126704796
 0.002859656841179059 0.001319841619005719 0.002639683238011439 0.0008798944126704796 0.003299604047514298
 0.001319841619005719 0.002639683238011439 0.0008798944126704796 0.003299604047514298 0.001539815222173339
 0.002639683238011439 0.0008798944126704796 0.003299604047514298 0.001539815222173339 0.003299604047514298
 0.0008798944126704796 0.003299604047514298 0.001539815222173339 0.003299604047514298 0.0008798944126704796
 0.003299604047514298 0.001539815222173339 0.003299604047514298 0.0008798944126704796 0.003739551253849538
 0.001539815222173339 0.003299604047514298 0.0008798944126704796 0.003739551253849538 0.005719313682358117
 0.003299604047514298 0.0008798944126704796 0.003739551253849538 0.005719313682358117 0.005499340079190497
 0.0008798944126704796 0.003739551253849538 0.005719313682358117 0.005499340079190497 0.007919049714034315
 0.003739551253849538 0.005719313682358117 0.005499340079190497 0.007919049714034315 0.01363836339639243
 0.005719313682358117 0.005499340079190497 0.007919049714034315 0.01363836339639243 0.01495820501539815
 0.005499340079190497 0.007919049714034315 0.01363836339639243 0.01495820501539815 0.002419709634843819
 0.007919049714034315 0.01363836339639243 0.01495820501539815 0.002419709634843819 0
 0.01363836339639243 0.01495820501539815 0.002419709634843819 0 0.006599208095028597
 0.01495820501539815 0.002419709634843819 0 0.006599208095028597 0.01077870655521337
 0.002419709634843819 0 0.006599208095028597 0.01077870655521337 0.01011878574571051
 0 0.006599208095028597 0.01077870655521337 0.01011878574571051 0.008578970523537175
 0.006599208095028597 0.01077870655521337 0.01011878574571051 0.008578970523537175 0.009238891333040036
 0.01077870655521337 0.01011878574571051 0.008578970523537175 0.009238891333040036 0.007479102507699076
 0.01011878574571051 0.008578970523537175 0.009238891333040036 0.007479102507699076 0.006599208095028597
 0.008578970523537175 0.009238891333040036 0.007479102507699076 0.006599208095028597 0.009458864936207656
 0.009238891333040036 0.007479102507699076 0.006599208095028597 0.009458864936207656 0.01077870655521337
 0.007479102507699076 0.006599208095028597 0.009458864936207656 0.01077870655521337 0.01341838979322481
 0.006599208095028597 0.009458864936207656 0.01077870655521337 0.01341838979322481 0.01869775626924769
 0.009458864936207656 0.01077870655521337 0.01341838979322481 0.01869775626924769 0.01649802023757149
 0.01077870655521337 0.01341838979322481 0.01869775626924769 0.01649802023757149 0.02089749230092389
 0.01341838979322481 0.01869775626924769 0.01649802023757149 0.02089749230092389 0.02265728112626485
 0.01869775626924769 0.01649802023757149 0.02089749230092389 0.02265728112626485 0.03079630444346678
 0.01649802023757149 0.02089749230092389 0.02265728112626485 0.03079630444346678 0.03497580290365156
 0.02089749230092389 0.02265728112626485 0.03079630444346678 0.03497580290365156 0.03299604047514298
 0.02265728112626485 0.03079630444346678 0.03497580290365156 0.03299604047514298 0.02309722833260009
 0.03079630444346678 0.03497580290365156 0.03299604047514298 0.02309722833260009 0.01407831060272767
 0.03497580290365156 0.03299604047514298 0.02309722833260009 0.01407831060272767 0.009458864936207656
 0.03299604047514298 0.02309722833260009 0.01407831060272767 0.009458864936207656 0.009458864936207656
 0.02309722833260009 0.01407831060272767 0.009458864936207656 0.009458864936207656 0.006159260888693356
 0.01407831060272767 0.009458864936207656 0.009458864936207656 0.006159260888693356 0.003959524857017158
 0.009458864936207656 0.009458864936207656 0.006159260888693356 0.003959524857017158 0.003959524857017158
 0.009458864936207656 0.006159260888693356 0.003959524857017158 0.003959524857017158 0.005059392872855257
 0.006159260888693356 0.003959524857017158 0.003959524857017158 0.005059392872855257 0.005499340079190497
 0.003959524857017158 0.003959524857017158 0.005059392872855257 0.005499340079190497 0.001759788825340959
 0.003959524857017158 0.005059392872855257 0.005499340079190497 0.001759788825340959 0.003079630444346678
 0.005059392872855257 0.005499340079190497 0.001759788825340959 0.003079630444346678 0.003079630444346678
 0.005499340079190497 0.001759788825340959 0.003079630444346678 0.003079630444346678 0.002199736031676199
 0.001759788825340959 0.003079630444346678 0.003079630444346678 0.002199736031676199 0.002419709634843819
 0.003079630444346678 0.003079630444346678 0.002199736031676199 0.002419709634843819 0.001319841619005719
 0.003079630444346678 0.002199736031676199 0.002419709634843819 0.001319841619005719 0.0008798944126704796
 0.002199736031676199 0.002419709634843819 0.001319841619005719 0.0008798944126704796 0.0008798944126704796
 0.002419709634843819 0.001319841619005719 0.0008798944126704796 0.0008798944126704796 0.0008798944126704796
 0.001319841619005719 0.0008798944126704796 0.0008798944126704796 0.0008798944126704796 0.0008798944126704796
 0.0008798944126704796 0.0008798944126704796 0.0008798944126704796 0.0008798944126704796 0.001539815222173339
 0.0008798944126704796 0.0008798944126704796 0.0008798944126704796 0.001539815222173339 0.002199736031676199
 0.0008798944126704796 0.0008798944126704796 0.001539815222173339 0.002199736031676199 0.0008798944126704796
 0.0008798944126704796 0.001539815222173339 0.002199736031676199 0.0008798944126704796 0.001319841619005719
 0.001539815222173339 0.002199736031676199 0.0008798944126704796 0.001319841619005719 0.001539815222173339
 0.002199736031676199 0.0008798944126704796 0.001319841619005719 0.001539815222173339 0.002199736031676199
 0.0008798944126704796 0.001319841619005719 0.001539815222173339 0.002199736031676199 0.001759788825340959
 0.001319841619005719 0.001539815222173339 0.002199736031676199 0.001759788825340959 0.0006599208095028596
 0.001539815222173339 0.002199736031676199 0.001759788825340959 0.0006599208095028596 0.001539815222173339
 0.002199736031676199 0.001759788825340959 0.0006599208095028596 0.001539815222173339 0.001539815222173339
 0.001759788825340959 0.0006599208095028596 0.001539815222173339 0.001539815222173339 0.001539815222173339
 0.0006599208095028596 0.001539815222173339 0.001539815222173339 0.001539815222173339 0.001979762428508579
 0.001539815222173339 0.001539815222173339 0.001539815222173339 0.001979762428508579 0.002859656841179059
 0.001539815222173339 0.001539815222173339 0.001979762428508579 0.002859656841179059 0.002199736031676199
 0.001539815222173339 0.001979762428508579 0.002859656841179059 0.002199736031676199 0.002419709634843819
 0.001979762428508579 0.002859656841179059 0.002199736031676199 0.002419709634843819 0.001099868015838099
 0.002859656841179059 0.002199736031676199 0.002419709634843819 0.001099868015838099 0.01517817861856577
 0.002199736031676199 0.002419709634843819 0.001099868015838099 0.01517817861856577 0.01759788825340959
 0.002419709634843819 0.001099868015838099 0.01517817861856577 0.01759788825340959 0.01847778266608007
 0.001099868015838099 0.01517817861856577 0.01759788825340959 0.01847778266608007 0.01715794104707435
 0.01517817861856577 0.01759788825340959 0.01847778266608007 0.01715794104707435 0.02155741311042675
 0.01759788825340959 0.01847778266608007 0.01715794104707435 0.02155741311042675 0.01517817861856577
 0.01847778266608007 0.01715794104707435 0.02155741311042675 0.01517817861856577 0.01649802023757149
 0.01715794104707435 0.02155741311042675 0.01517817861856577 0.01649802023757149 0.03299604047514298
 0.02155741311042675 0.01517817861856577 0.01649802023757149 0.03299604047514298 0.04465464144302684
 0.01517817861856577 0.01649802023757149 0.03299604047514298 0.04465464144302684 0.04817421909370875
 0.01649802023757149 0.03299604047514298 0.04465464144302684 0.04817421909370875 0.06819181698196217
 0.03299604047514298 0.04465464144302684 0.04817421909370875 0.06819181698196217 0.08139023317201936
 0.04465464144302684 0.04817421909370875 0.06819181698196217 0.08139023317201936 0.06093268807743071
 0.04817421909370875 0.06819181698196217 0.08139023317201936 0.06093268807743071 0.08666959964804223
 0.06819181698196217 0.08139023317201936 0.06093268807743071 0.08666959964804223 0.09546854377474703
 0.08139023317201936 0.06093268807743071 0.08666959964804223 0.09546854377474703 0.08358996920369556
 0.06093268807743071 0.08666959964804223 0.09546854377474703 0.08358996920369556 0.05499340079190497
 0.08666959964804223 0.09546854377474703 0.08358996920369556 0.05499340079190497 0.03937527496700396
 0.09546854377474703 0.08358996920369556 0.05499340079190497 0.03937527496700396 0.03585569731632204
 0.08358996920369556 0.05499340079190497 0.03937527496700396 0.03585569731632204 0.03343598768147822
 0.05499340079190497 0.03937527496700396 0.03585569731632204 0.03343598768147822 0.02529696436427629
 0.03937527496700396 0.03585569731632204 0.03343598768147822 0.02529696436427629 0.01495820501539815
 0.03585569731632204 0.03343598768147822 0.02529696436427629 0.01495820501539815 0.009678838539375276
 0.03343598768147822 0.02529696436427629 0.01495820501539815 0.009678838539375276 0.008578970523537175
 0.02529696436427629 0.01495820501539815 0.009678838539375276 0.008578970523537175 0.009458864936207656
 0.01495820501539815 0.009678838539375276 0.008578970523537175 0.009458864936207656 0.005719313682358117
 0.009678838539375276 0.008578970523537175 0.009458864936207656 0.005719313682358117 0.005279366476022877
 0.008578970523537175 0.009458864936207656 0.005719313682358117 0.005279366476022877 0.004399472063352398
 0.009458864936207656 0.005719313682358117 0.005279366476022877 0.004399472063352398 0.005939287285525737
 0.005719313682358117 0.005279366476022877 0.004399472063352398 0.005939287285525737 0.003739551253849538
 0.005279366476022877 0.004399472063352398 0.005939287285525737 0.003739551253849538 0.004179498460184778
 0.004399472063352398 0.005939287285525737 0.003739551253849538 0.004179498460184778 0.003079630444346678
 0.005939287285525737 0.003739551253849538 0.004179498460184778 0.003079630444346678 0.001759788825340959
 0.003739551253849538 0.004179498460184778 0.003079630444346678 0.001759788825340959 0.001539815222173339
 0.004179498460184778 0.003079630444346678 0.001759788825340959 0.001539815222173339 0.001759788825340959
 0.003079630444346678 0.001759788825340959 0.001539815222173339 0.001759788825340959 0.001319841619005719
 0.001759788825340959 0.001539815222173339 0.001759788825340959 0.001319841619005719 0.001099868015838099
 0.001539815222173339 0.001759788825340959 0.001319841619005719 0.001099868015838099 0.001099868015838099
 0.001759788825340959 0.001319841619005719 0.001099868015838099 0.001099868015838099 0.002199736031676199
 0.001319841619005719 0.001099868015838099 0.001099868015838099 0.002199736031676199 0.001979762428508579
 0.001099868015838099 0.001099868015838099 0.002199736031676199 0.001979762428508579 0.002199736031676199
 0.001099868015838099 0.002199736031676199 0.001979762428508579 0.002199736031676199 0.001319841619005719
 0.002199736031676199 0.001979762428508579 0.002199736031676199 0.001319841619005719 0.002419709634843819
 0.001979762428508579 0.002199736031676199 0.001319841619005719 0.002419709634843819 0.001319841619005719
 0.002199736031676199 0.001319841619005719 0.002419709634843819 0.001319841619005719 0.001979762428508579
 0.001319841619005719 0.002419709634843819 0.001319841619005719 0.001979762428508579 0.001979762428508579
 0.002419709634843819 0.001319841619005719 0.001979762428508579 0.001979762428508579 0.002419709634843819
 0.001319841619005719 0.001979762428508579 0.001979762428508579 0.002419709634843819 0.003299604047514298
 0.001979762428508579 0.001979762428508579 0.002419709634843819 0.003299604047514298 0.003519577650681918
 0.001979762428508579 0.002419709634843819 0.003299604047514298 0.003519577650681918 0.003959524857017158
 0.002419709634843819 0.003299604047514298 0.003519577650681918 0.003959524857017158 0.004619445666520018
 0.003299604047514298 0.003519577650681918 0.003959524857017158 0.004619445666520018 0.001979762428508579
 0.003519577650681918 0.003959524857017158 0.004619445666520018 0.001979762428508579 0.006819181698196217
 0.003959524857017158 0.004619445666520018 0.001979762428508579 0.006819181698196217 0.007919049714034315
 0.004619445666520018 0.001979762428508579 0.006819181698196217 0.007919049714034315 0.01297844258688957
 0.001979762428508579 0.006819181698196217 0.007919049714034315 0.01297844258688957 0.01297844258688957
 0.006819181698196217 0.007919049714034315 0.01297844258688957 0.01297844258688957 0.02265728112626485
 0.007919049714034315 0.01297844258688957 0.01297844258688957 0.02265728112626485 0.02265728112626485
 0.01297844258688957 0.01297844258688957 0.02265728112626485 0.02265728112626485 0.0497140343158821
 0.01297844258688957 0.02265728112626485 0.02265728112626485 0.0497140343158821 0.06225252969643643
 0.02265728112626485 0.02265728112626485 0.0497140343158821 0.06225252969643643 0.08249010118785746
 0.02265728112626485 0.0497140343158821 0.06225252969643643 0.08249010118785746 0.130224373075231
 0.0497140343158821 0.06225252969643643 0.08249010118785746 0.130224373075231 0.1663000439947206
 0.06225252969643643 0.08249010118785746 0.130224373075231 0.1663000439947206 0.2771667399912011
 0.08249010118785746 0.130224373075231 0.1663000439947206 0.2771667399912011 0.4359876814782226
 0.130224373075231 0.1663000439947206 0.2771667399912011 0.4359876814782226 0.5235371755389353
 0.1663000439947206 0.2771667399912011 0.4359876814782226 0.5235371755389353 0.7021557413110426
 0.2771667399912011 0.4359876814782226 0.5235371755389353 0.7021557413110426 1
 0.4359876814782226 0.5235371755389353 0.7021557413110426 1 0.8534975802903652
 0.5235371755389353 0.7021557413110426 1 0.8534975802903652 0.7461504619445667
 0.7021557413110426 1 0.8534975802903652 0.7461504619445667 0.5182578090629124
 1 0.8534975802903652 0.7461504619445667 0.5182578090629124 0.5444346678398592
 0.8534975802903652 0.7461504619445667 0.5182578090629124 0.5444346678398592 0.3216014078310603
 0.7461504619445667 0.5182578090629124 0.5444346678398592 0.3216014078310603 0.2309722833260009
 0.5182578090629124 0.5444346678398592 0.3216014078310603 0.2309722833260009 0.1280246370435548
 0.5444346678398592 0.3216014078310603 0.2309722833260009 0.1280246370435548 0.09480862296524417
 0.3216014078310603 0.2309722833260009 0.1280246370435548 0.09480862296524417 0.09546854377474703
 0.2309722833260009 0.1280246370435548 0.09480862296524417 0.09546854377474703 0.0719313682358117
 0.1280246370435548 0.09480862296524417 0.09546854377474703 0.0719313682358117 0.05125384953805543
 0.09480862296524417 0.09546854377474703 0.0719313682358117 0.05125384953805543 0.0332160140783106
 0.09546854377474703 0.0719313682358117 0.05125384953805543 0.0332160140783106 0.02837659480862297
 0.0719313682358117 0.05125384953805543 0.0332160140783106 0.02837659480862297 0.02507699076110867
 0.05125384953805543 0.0332160140783106 0.02837659480862297 0.02507699076110867 0.01957765068191817
 0.0332160140783106 0.02837659480862297 0.02507699076110867 0.01957765068191817 0.01627804663440387
 0.02837659480862297 0.02507699076110867 0.01957765068191817 0.01627804663440387 0.01605807303123625
 0.02507699076110867 0.01957765068191817 0.01627804663440387 0.01605807303123625 0.01473823141223053
 0.01957765068191817 0.01627804663440387 0.01605807303123625 0.01473823141223053 0.01495820501539815
 0.01627804663440387 0.01605807303123625 0.01473823141223053 0.01495820501539815 0.01891772987241531
 0.01605807303123625 0.01473823141223053 0.01495820501539815 0.01891772987241531 0.01473823141223053


# name: S
# type: matrix
# rows: 761
# columns: 1
 0.003079630444346678
 0.0006599208095028596
 0.001099868015838099
 0.001099868015838099
 0.001099868015838099
 0.001319841619005719
 0.0004399472063352398
 0.001099868015838099
 0.0006599208095028596
 0.001319841619005719
 0.0004399472063352398
 0.001539815222173339
 0.0004399472063352398
 0
 0.0004399472063352398
 0.0002199736031676199
 0.0008798944126704796
 0.0008798944126704796
 0.0002199736031676199
 0.0002199736031676199
 0.0004399472063352398
 0.0008798944126704796
 0.0008798944126704796
 0.0002199736031676199
 0
 0.0002199736031676199
 0
 0.0002199736031676199
 0
 0.0002199736031676199
 0
 0.0002199736031676199
 0
 0
 0
 0.0002199736031676199
 0
 0.0004399472063352398
 0
 0
 0.0002199736031676199
 0
 0.0002199736031676199
 0
 0.0002199736031676199
 0.0004399472063352398
 0.0004399472063352398
 0.003739551253849538
 0.003299604047514298
 0.004619445666520018
 0.004839419269687638
 0.005719313682358117
 0.003519577650681918
 0.002859656841179059
 0.001979762428508579
 0.001539815222173339
 0.007699076110866696
 0.008578970523537175
 0.01011878574571051
 0.01121865376154861
 0.01781786185657721
 0.01077870655521337
 0.01473823141223053
 0.007039155301363837
 0.008578970523537175
 0.007259128904531456
 0.004839419269687638
 0.001759788825340959
 0.002859656841179059
 0.001979762428508579
 0.0008798944126704796
 0.001539815222173339
 0.001319841619005719
 0.001319841619005719
 0.0008798944126704796
 0.0002199736031676199
 0.001099868015838099
 0.001979762428508579
 0.0006599208095028596
 0.0002199736031676199
 0.0004399472063352398
 0.0004399472063352398
 0.0002199736031676199
 0
 0
 0
 0
 0.0002199736031676199
 0
 0
 0.0004399472063352398
 0
 0
 0.0002199736031676199
 0.0002199736031676199
 0.0002199736031676199
 0.0008798944126704796
 0.0004399472063352398
 0
 0.009898812142542894
 0.01319841619005719
 0.01297844258688957
 0.01913770347558293
 0.03277606687197536
 0.03937527496700396
 0.04465464144302684
 0.0730312362516498
 0.04487461504619446
 0.03607567091948966
 0.03123625164980202
 0.03167619885613726
 0.026616805983282
 0.04663440387153542
 0.03299604047514298
 0.02507699076110867
 0.02309722833260009
 0.02155741311042675
 0.02067751869775627
 0.01253849538055433
 0.009678838539375276
 0.005059392872855257
 0.006379234491860977
 0.001979762428508579
 0.001979762428508579
 0.001319841619005719
 0.001319841619005719
 0.0004399472063352398
 0.0008798944126704796
 0.001099868015838099
 0.0002199736031676199
 0.0008798944126704796
 0.0004399472063352398
 0
 0.0006599208095028596
 0.0006599208095028596
 0.0002199736031676199
 0.0002199736031676199
 0
 0.0002199736031676199
 0
 0.0002199736031676199
 0
 0
 0
 0.0002199736031676199
 0.0008798944126704796
 0.0006599208095028596
 0
 0.0004399472063352398
 0.0008798944126704796
 0.0006599208095028596
 0.004839419269687638
 0.007699076110866696
 0.009458864936207656
 0.01077870655521337
 0.01495820501539815
 0.01473823141223053
 0.01869775626924769
 0.02463704355477343
 0.02199736031676199
 0.0310162780466344
 0.0354157501099868
 0.03937527496700396
 0.02793664760228773
 0.01385833699956005
 0.01385833699956005
 0.01363836339639243
 0.009898812142542894
 0.01099868015838099
 0.008358996920369555
 0.005059392872855257
 0.004179498460184778
 0.001979762428508579
 0.003079630444346678
 0.001319841619005719
 0.0008798944126704796
 0.001759788825340959
 0.001099868015838099
 0.0008798944126704796
 0.0006599208095028596
 0.001539815222173339
 0.001539815222173339
 0.0002199736031676199
 0.0004399472063352398
 0
 0
 0.0002199736031676199
 0
 0.0002199736031676199
 0.0002199736031676199
 0
 0.0002199736031676199
 0
 0.0004399472063352398
 0.0002199736031676199
 0.0002199736031676199
 0.0004399472063352398
 0.0002199736031676199
 0.0002199736031676199
 0.0002199736031676199
 0
 0.0002199736031676199
 0
 0.004839419269687638
 0.007699076110866696
 0.009458864936207656
 0.01077870655521337
 0.01495820501539815
 0.01473823141223053
 0.01869775626924769
 0.02463704355477343
 0.02199736031676199
 0.0310162780466344
 0.0354157501099868
 0.03937527496700396
 0.02793664760228773
 0.01385833699956005
 0.01385833699956005
 0.01363836339639243
 0.009898812142542894
 0.01099868015838099
 0.008358996920369555
 0.005059392872855257
 0.004179498460184778
 0.001979762428508579
 0.003079630444346678
 0.001319841619005719
 0.0008798944126704796
 0.001759788825340959
 0.001099868015838099
 0.0008798944126704796
 0.0006599208095028596
 0.001539815222173339
 0.001539815222173339
 0.0002199736031676199
 0.0004399472063352398
 0
 0
 0.0002199736031676199
 0
 0.0002199736031676199
 0.0002199736031676199
 0
 0.0002199736031676199
 0
 0.0004399472063352398
 0.0002199736031676199
 0.0002199736031676199
 0.0004399472063352398
 0.0002199736031676199
 0.0002199736031676199
 0.0002199736031676199
 0
 0.0002199736031676199
 0
 0.001979762428508579
 0.001979762428508579
 0.001099868015838099
 0.001319841619005719
 0.001099868015838099
 0.001319841619005719
 0.001539815222173339
 0.0002199736031676199
 0.002199736031676199
 0.001539815222173339
 0.002199736031676199
 0.001319841619005719
 0.001979762428508579
 0.0008798944126704796
 0.003519577650681918
 0.002419709634843819
 0.002859656841179059
 0.002199736031676199
 0.001319841619005719
 0.002419709634843819
 0.001759788825340959
 0.0006599208095028596
 0.002419709634843819
 0.001759788825340959
 0.0004399472063352398
 0.002639683238011439
 0.001319841619005719
 0.001319841619005719
 0.001759788825340959
 0.001539815222173339
 0.001979762428508579
 0.0004399472063352398
 0.0008798944126704796
 0.0004399472063352398
 0
 0.0006599208095028596
 0.0004399472063352398
 0.0002199736031676199
 0.0004399472063352398
 0
 0
 0.0002199736031676199
 0
 0.0006599208095028596
 0
 0.0002199736031676199
 0.0004399472063352398
 0
 0.0002199736031676199
 0.0002199736031676199
 0
 0
 0.001759788825340959
 0.002859656841179059
 0.003519577650681918
 0.002419709634843819
 0.005279366476022877
 0.003959524857017158
 0.004179498460184778
 0.006599208095028597
 0.01363836339639243
 0.02067751869775627
 0.01979762428508579
 0.02705675318961724
 0.03013638363396393
 0.0321161460624725
 0.0343158820941487
 0.06445226572811262
 0.0431148262208535
 0.03167619885613726
 0.01605807303123625
 0.007479102507699076
 0.005059392872855257
 0.002639683238011439
 0.001759788825340959
 0.001979762428508579
 0.001319841619005719
 0.001539815222173339
 0.001759788825340959
 0.001539815222173339
 0.001319841619005719
 0.0008798944126704796
 0.002199736031676199
 0.001099868015838099
 0.0008798944126704796
 0
 0.0002199736031676199
 0.0006599208095028596
 0.001099868015838099
 0.0008798944126704796
 0.0004399472063352398
 0.0004399472063352398
 0.0008798944126704796
 0.0008798944126704796
 0.001979762428508579
 0.0004399472063352398
 0.0006599208095028596
 0.0004399472063352398
 0.0008798944126704796
 0.0008798944126704796
 0.0006599208095028596
 0.0002199736031676199
 0.0002199736031676199
 0.0002199736031676199
 0.005719313682358117
 0.007039155301363837
 0.004179498460184778
 0.006379234491860977
 0.008139023317201935
 0.005499340079190497
 0.007699076110866696
 0.01187857457105147
 0.01869775626924769
 0.02375714914210295
 0.03695556533216014
 0.05455345358556973
 0.05807303123625165
 0.07809062912450505
 0.08732952045754509
 0.0996480422349318
 0.08908930928288605
 0.08468983721953366
 0.0620325560932688
 0.03607567091948966
 0.02551693796744391
 0.01385833699956005
 0.008139023317201935
 0.005499340079190497
 0.005719313682358117
 0.003079630444346678
 0.002639683238011439
 0.004839419269687638
 0.004399472063352398
 0.002199736031676199
 0.001759788825340959
 0.002199736031676199
 0.001979762428508579
 0.0006599208095028596
 0.001539815222173339
 0.002859656841179059
 0.003299604047514298
 0.001539815222173339
 0.002639683238011439
 0.003079630444346678
 0.001539815222173339
 0.002639683238011439
 0.003959524857017158
 0.006159260888693356
 0.006599208095028597
 0.01165860096788385
 0.01187857457105147
 0.005719313682358117
 0.005719313682358117
 0.007039155301363837
 0.005939287285525737
 0.002199736031676199
 0.007259128904531456
 0.005719313682358117
 0.006159260888693356
 0.007919049714034315
 0.005939287285525737
 0.007039155301363837
 0.004839419269687638
 0.005939287285525737
 0.006159260888693356
 0.004179498460184778
 0.003959524857017158
 0.009678838539375276
 0.01253849538055433
 0.01297844258688957
 0.01033875934887813
 0.01121865376154861
 0.008798944126704795
 0.005279366476022877
 0.004839419269687638
 0.003959524857017158
 0.002419709634843819
 0.002859656841179059
 0.0006599208095028596
 0.001099868015838099
 0.001099868015838099
 0.0004399472063352398
 0.0008798944126704796
 0.001099868015838099
 0.001099868015838099
 0.0006599208095028596
 0.0006599208095028596
 0.0004399472063352398
 0.0006599208095028596
 0.0002199736031676199
 0.0006599208095028596
 0
 0.0002199736031676199
 0
 0
 0.0002199736031676199
 0
 0.0006599208095028596
 0.0004399472063352398
 0.0006599208095028596
 0.0002199736031676199
 0.0002199736031676199
 0.0002199736031676199
 0
 0.0008798944126704796
 0.0002199736031676199
 0.001099868015838099
 0.0006599208095028596
 0.009238891333040036
 0.007919049714034315
 0.009018917729872416
 0.007039155301363837
 0.005939287285525737
 0.003959524857017158
 0.003959524857017158
 0.005719313682358117
 0.006159260888693356
 0.009898812142542894
 0.009678838539375276
 0.01077870655521337
 0.009238891333040036
 0.01363836339639243
 0.01231852177738671
 0.009238891333040036
 0.003959524857017158
 0.007039155301363837
 0.003299604047514298
 0.003519577650681918
 0.003299604047514298
 0.001099868015838099
 0.001759788825340959
 0.0008798944126704796
 0.0006599208095028596
 0.001099868015838099
 0.001319841619005719
 0.0006599208095028596
 0.001539815222173339
 0.0008798944126704796
 0.0008798944126704796
 0.0008798944126704796
 0
 0
 0.0004399472063352398
 0
 0.0002199736031676199
 0
 0
 0
 0.0006599208095028596
 0
 0.0002199736031676199
 0
 0.0004399472063352398
 0
 0.0004399472063352398
 0.0002199736031676199
 0.001319841619005719
 0.0004399472063352398
 0.0008798944126704796
 0.0004399472063352398
 0.009458864936207656
 0.01055873295204575
 0.009238891333040036
 0.01451825780906291
 0.01825780906291245
 0.02463704355477343
 0.05719313682358117
 0.08095028596568411
 0.08666959964804223
 0.0686317641882974
 0.1198856137263528
 0.153321601407831
 0.1783985921689397
 0.2094148702155741
 0.1236251649802024
 0.1260448746150462
 0.166080070391553
 0.1396832380114386
 0.09590849098108227
 0.04553453585569732
 0.03189617245930489
 0.02771667399912011
 0.01583809942806863
 0.01055873295204575
 0.007259128904531456
 0.008358996920369555
 0.007919049714034315
 0.005939287285525737
 0.007699076110866696
 0.005499340079190497
 0.001759788825340959
 0.003739551253849538
 0.002419709634843819
 0.001759788825340959
 0.002199736031676199
 0.001759788825340959
 0.001099868015838099
 0.001759788825340959
 0.0006599208095028596
 0.001319841619005719
 0.0008798944126704796
 0.001759788825340959
 0.001979762428508579
 0.001319841619005719
 0.002199736031676199
 0.001319841619005719
 0.003079630444346678
 0.003519577650681918
 0.004179498460184778
 0.004399472063352398
 0.002859656841179059
 0.001759788825340959
 0.01121865376154861
 0.01451825780906291
 0.01319841619005719
 0.01407831060272767
 0.02529696436427629
 0.02529696436427629
 0.03079630444346678
 0.04025516937967444
 0.05059392872855258
 0.0409150901891773
 0.05983282006159261
 0.07611086669599648
 0.08205015398152221
 0.1031676198856137
 0.1033875934887813
 0.1236251649802024
 0.1381434227892653
 0.09568851737791464
 0.0675318961724593
 0.05169379674439067
 0.02903651561812582
 0.02133743950725913
 0.009898812142542894
 0.006379234491860977
 0.005939287285525737
 0.007919049714034315
 0.004619445666520018
 0.003959524857017158
 0.006599208095028597
 0.002859656841179059
 0.001539815222173339
 0.003739551253849538
 0.001979762428508579
 0.0008798944126704796
 0.001319841619005719
 0.001759788825340959
 0.002859656841179059
 0.001319841619005719
 0.002639683238011439
 0.0008798944126704796
 0.003299604047514298
 0.001539815222173339
 0.003299604047514298
 0.0008798944126704796
 0.003739551253849538
 0.005719313682358117
 0.005499340079190497
 0.007919049714034315
 0.01363836339639243
 0.01495820501539815
 0.002419709634843819
 0
 0.006599208095028597
 0.01077870655521337
 0.01011878574571051
 0.008578970523537175
 0.009238891333040036
 0.007479102507699076
 0.006599208095028597
 0.009458864936207656
 0.01077870655521337
 0.01341838979322481
 0.01869775626924769
 0.01649802023757149
 0.02089749230092389
 0.02265728112626485
 0.03079630444346678
 0.03497580290365156
 0.03299604047514298
 0.02309722833260009
 0.01407831060272767
 0.009458864936207656
 0.009458864936207656
 0.006159260888693356
 0.003959524857017158
 0.003959524857017158
 0.005059392872855257
 0.005499340079190497
 0.001759788825340959
 0.003079630444346678
 0.003079630444346678
 0.002199736031676199
 0.002419709634843819
 0.001319841619005719
 0.0008798944126704796
 0.0008798944126704796
 0.0008798944126704796
 0.0008798944126704796
 0.001539815222173339
 0.002199736031676199
 0.0008798944126704796
 0.001319841619005719
 0.001539815222173339
 0.002199736031676199
 0.001759788825340959
 0.0006599208095028596
 0.001539815222173339
 0.001539815222173339
 0.001539815222173339
 0.001979762428508579
 0.002859656841179059
 0.002199736031676199
 0.002419709634843819
 0.001099868015838099
 0.01517817861856577
 0.01759788825340959
 0.01847778266608007
 0.01715794104707435
 0.02155741311042675
 0.01517817861856577
 0.01649802023757149
 0.03299604047514298
 0.04465464144302684
 0.04817421909370875
 0.06819181698196217
 0.08139023317201936
 0.06093268807743071
 0.08666959964804223
 0.09546854377474703
 0.08358996920369556
 0.05499340079190497
 0.03937527496700396
 0.03585569731632204
 0.03343598768147822
 0.02529696436427629
 0.01495820501539815
 0.009678838539375276
 0.008578970523537175
 0.009458864936207656
 0.005719313682358117
 0.005279366476022877
 0.004399472063352398
 0.005939287285525737
 0.003739551253849538
 0.004179498460184778
 0.003079630444346678
 0.001759788825340959
 0.001539815222173339
 0.001759788825340959
 0.001319841619005719
 0.001099868015838099
 0.001099868015838099
 0.002199736031676199
 0.001979762428508579
 0.002199736031676199
 0.001319841619005719
 0.002419709634843819
 0.001319841619005719
 0.001979762428508579
 0.001979762428508579
 0.002419709634843819
 0.003299604047514298
 0.003519577650681918
 0.003959524857017158
 0.004619445666520018
 0.001979762428508579
 0.006819181698196217
 0.007919049714034315
 0.01297844258688957
 0.01297844258688957
 0.02265728112626485
 0.02265728112626485
 0.0497140343158821
 0.06225252969643643
 0.08249010118785746
 0.130224373075231
 0.1663000439947206
 0.2771667399912011
 0.4359876814782226
 0.5235371755389353
 0.7021557413110426
 1
 0.8534975802903652
 0.7461504619445667
 0.5182578090629124
 0.5444346678398592
 0.3216014078310603
 0.2309722833260009
 0.1280246370435548
 0.09480862296524417
 0.09546854377474703
 0.0719313682358117
 0.05125384953805543
 0.0332160140783106
 0.02837659480862297
 0.02507699076110867
 0.01957765068191817
 0.01627804663440387
 0.01605807303123625
 0.01473823141223053
 0.01495820501539815
 0.01891772987241531
 0.01473823141223053
 0.001759788825340959


